-419.5020,-27.9973,132.1239
-397.4251,0.0996,107.9290
-392.9985,-50.8360,106.9151
-408.8196,-18.3504,125.0121
-407.5549,-33.6775,127.4934
-290.4450,-16.9446,118.1621
-293.8064,-34.5819,110.3914
-297.9990,4.6573,106.2452
-348.2762,-3.6976,120.5060
-346.3180,-38.7549,120.3444
-349.9203,-21.2817,128.2890
-336.0227,-20.6838,126.4957
999
-419.1151,-28.2018,131.5437
-409.5428,-20.4273,125.7010
-409.4821,-32.5010,126.0825
-392.3592,-50.8175,105.3981
-396.0461,0.9221,106.3108
-348.9584,-22.1486,127.6908
-335.7796,-21.0205,126.5911
-349.3252,-4.5338,121.1758
-346.7971,-39.6873,119.9510
-292.4623,-33.6086,111.8259
-294.1675,3.5057,106.4839
999
-418.4420,-27.7533,131.4471
-417.7163,-27.9104,130.7640
-416.9922,-27.8801,130.2723
-402.8082,-26.9695,131.0394
-397.6883,-26.7608,130.9265
-394.0781,-26.5363,131.0021
-390.4312,-26.3094,131.0193
-382.9794,-26.8753,130.8280
-376.5836,-27.4929,130.5279
-372.9507,-27.8980,131.0631
-366.6190,-27.1012,129.7886
-356.9928,-25.4549,128.8304
-350.9092,-23.9609,128.1689
-342.3149,-22.5084,127.6119
-336.4174,-22.4252,126.5371
-331.6602,-21.1455,126.0276
-326.5811,-20.4759,125.3035
-322.1520,-20.6998,125.0240
-316.8870,-20.3958,124.4110
-311.4427,-19.5983,123.8115
-307.0072,-19.4611,123.1920
-303.7435,-19.1896,122.6573
-300.1265,-18.5711,122.0364
-296.1581,-18.3262,121.1749
-293.2879,-18.0334,120.4700
-290.7480,-17.1109,119.6555
-298.4333,10.7941,76.1102
-298.0540,11.1622,80.5117
-297.5911,11.4413,84.8428
-297.9708,11.5083,89.4549
-298.4464,11.1263,93.1063
-298.3954,10.4862,96.1933
-299.1366,9.5518,99.2230
-299.2045,8.4503,101.7584
-299.0449,7.3284,104.0864
-298.6128,5.4667,106.9512
-297.4998,3.2418,110.1287
-296.5726,0.8351,112.9075
-295.5937,-1.3441,114.9167
-295.3649,-3.4377,116.3025
-293.8207,-7.0863,118.2816
-292.5802,-10.6748,119.4509
-290.8034,-15.6807,119.6303
-290.2590,-17.9676,119.5530
-291.1824,-22.5084,119.3162
-291.8619,-25.7884,118.5723
-292.1003,-27.7823,117.6124
-292.1003,-27.7823,117.6124
-291.7149,-32.8694,113.2148
-294.3986,-38.2172,108.3206
-294.3995,-41.4114,103.5442
-293.0739,-42.8933,99.9066
-292.2275,-44.4187,94.7455
-291.5132,-45.1517,87.3752
-291.3714,-44.2021,76.8266
-292.2779,-43.6429,72.8476
-294.1147,-43.3736,71.6687
999
-278.2101,7.5849,95.8705
-275.7378,5.5817,98.4482
-276.0378,2.3743,103.1560
-273.4676,-1.6162,106.5225
-269.8937,-4.7244,107.2612
-269.1658,-7.0723,108.3184
-268.4155,-10.3850,109.2897
-267.4541,-13.9665,109.6095
-266.7319,-16.7814,113.8576
-267.1063,-18.8164,109.4100
-267.7902,-20.7489,109.3476
-268.7349,-24.6109,108.5526
-269.8969,-28.6758,106.0497
-270.8180,-31.1326,104.8990
-272.1448,-33.4608,102.8682
-272.8182,-35.7809,100.0428
-273.4481,-37.9307,97.3520
-274.2377,-39.0914,95.9524
-275.7453,-40.5365,94.5972
-256.7037,5.6343,86.5690
-254.8529,3.2510,90.1439
-253.8697,1.6955,91.4326
-252.7563,-2.5415,95.6730
-251.9760,-5.5150,97.0449
-251.4794,-7.8519,98.4757
-249.8636,-17.1449,99.1308
-249.6497,-16.0341,98.8848
-249.4012,-21.5268,97.5560
-250.0894,-23.6583,96.8959
-250.4811,-26.5220,95.1747
-252.3334,-29.7973,92.8378
-253.4862,-32.1312,90.4227
-254.4180,-34.3825,87.3957
-254.8314,-35.3865,86.1228
-255.0267,-36.5530,83.7508
-255.3355,-37.9369,81.8453
-239.3634,6.5141,75.3826
-237.4544,4.8491,78.3493
-236.0157,2.8300,80.4778
-235.8174,1.6317,82.9886
-235.7887,0.8732,84.1705
-233.9539,-3.2942,86.9658
-232.8338,-7.6682,88.8811
-232.1827,-10.4259,89.2241
-232.3645,-16.1253,89.4026
-231.8369,-18.6566,88.0140
-232.5417,-22.8713,86.2636
-233.5119,-27.3177,82.3692
-234.1229,-28.8491,80.8539
-234.9432,-30.5278,79.4408
-235.8028,-32.2039,77.9967
-236.7676,-35.1361,72.9235
-219.5970,5.7712,69.1353
-217.4638,0.8164,73.7505
-216.7762,-1.0616,75.3311
-215.5339,-3.9402,76.9642
-214.6631,-7.1720,79.0941
-214.0650,-11.4423,79.4504
-214.6001,-15.6560,79.4947
-215.1164,-19.6004,78.4977
-215.4572,-23.6008,76.2204
-216.8353,-26.6661,74.1797
-218.2463,-28.7866,72.7334
-218.5990,-30.8394,70.4404
-218.7312,-33.3621,66.7147
-201.3484,3.9128,64.1263
-201.0601,1.4888,66.2754
-198.7509,-5.3326,70.9548
-197.5239,-8.5384,71.7244
-197.3872,-15.7854,71.3062
-197.7487,-18.9929,70.3608
-198.2225,-22.3321,68.9000
-198.4375,-23.6405,68.5506
-200.3351,-29.7677,64.1287
-200.0954,-31.9066,61.8777
-175.0214,6.0091,57.5530
-176.2626,1.9656,59.5832
-174.4362,-2.2534,60.6702
-174.4837,-9.3634,62.9798
-174.3529,-13.3426,63.1517
-174.3059,-16.3199,63.0021
-174.8662,-20.0394,63.0622
-175.6062,-23.3921,63.3543
-175.5906,-27.2654,60.9036
-175.9738,-27.5703,59.6642
-175.4027,-28.9111,59.8477
-184.2427,-45.4856,49.1329
-183.7642,-52.0355,44.9876
-181.9467,-56.7272,42.6617
-179.6804,-62.6138,39.1396
-176.5819,-67.3114,35.6123
-174.3568,-68.9111,34.9179
-170.5138,-71.9273,32.5847
-162.0551,-75.5145,34.4672
-155.9647,-73.8675,34.9783
-152.8493,-72.4854,34.6416
-150.5074,-70.1107,34.2324
-149.4297,-68.7154,35.1964
-147.5206,-66.7049,33.8236
-147.4725,-65.2872,35.1259
-146.2766,-64.0201,35.0144
-144.7501,-61.4152,33.9300
-143.6705,-59.6765,34.5470
-143.9256,-55.0411,33.4186
-145.3690,-52.7906,33.9927
-147.9100,-51.4743,34.6456
-149.8989,-52.0069,35.3926
-154.1314,-51.9753,35.8606
-154.2125,-52.1067,36.3104
-158.0937,-51.5467,38.0595
-164.3002,-50.1163,41.2274
-169.6070,-46.4960,43.9197
-170.2949,-46.1039,45.0637
-172.9706,-43.4548,47.1349
-173.4507,-41.5508,49.0635
-172.0274,-39.7902,49.9992
-169.0601,-38.2771,50.9574
-168.4657,-37.5305,52.7458
-167.9295,-34.8466,52.6462
-168.4635,-32.3884,52.8887
-164.3323,-30.0846,48.9225
-157.2413,-27.0100,45.7375
-156.5225,-26.3208,44.2066
-153.2397,-25.4580,41.9679
-151.7785,-24.3664,40.6007
-149.4585,-21.9516,37.2968
-146.5204,-22.4497,36.9008
-144.5862,-24.8787,34.6514
-144.4151,-28.0578,35.0892
-144.3720,-29.9926,34.6881
-144.1515,-35.2542,34.9841
-144.7963,-37.3167,36.0004
-145.1276,-42.0413,35.6924
-145.5076,-45.0077,34.5894
-145.7426,-47.3020,34.6854
-172.6640,-30.5333,54.1460
-170.4939,-30.2979,53.1531
-167.5546,-29.0434,55.0481
-163.9045,-29.3682,50.9632
-162.1707,-28.4202,50.1377
-159.3004,-26.5237,46.6775
-155.5136,-24.6592,44.5721
-154.2963,-21.4642,43.3841
-151.2512,-20.7075,42.0986
-150.3640,-19.4544,39.8061
-147.8158,-14.9861,38.2023
-147.6686,-12.1176,36.3158
-147.3699,-10.7990,37.4059
-148.5024,-4.9046,39.0570
-151.2128,-3.3024,38.9643
-153.7715,-0.5629,41.5353
-159.6347,3.5912,43.4902
-162.3391,4.2664,46.3939
-165.7051,5.3824,48.9550
-166.3419,5.3636,49.6723
-170.6818,5.8817,53.4225
-173.4982,6.5119,55.7190
-151.3439,-1.8247,36.8090
-146.5773,0.6613,35.4846
-146.2005,1.3130,34.7137
-143.9008,6.1295,35.4879
-145.5347,16.6738,36.3516
-146.9873,20.6505,36.4994
-148.3812,22.6856,35.3619
-149.4865,24.7355,35.2877
-151.2238,27.4546,35.8388
-154.1257,30.1222,35.4751
-156.7426,31.1954,35.8740
-159.1792,29.9667,37.5172
-165.6716,26.8590,41.2383
-168.2622,24.9247,43.0985
-169.4049,24.7137,43.3037
-171.1260,22.9855,44.8887
-171.4840,22.9823,44.6461
-174.5121,20.4841,47.2268
-174.6178,19.9991,47.7910
-175.6377,17.9384,50.1533
-175.8870,17.2049,50.6593
-176.2210,15.0825,52.9730
-177.4752,12.8176,55.2945
-177.0735,10.9959,56.0726
-176.7762,7.8470,57.9367
-156.3015,32.2865,34.4888
-155.1353,34.6851,35.2793
-153.3340,42.1366,35.0084
-154.5063,44.3705,34.8220
-155.4333,45.8780,33.5864
-157.3388,48.8864,33.6009
-160.9556,52.9139,34.0805
-164.3483,54.5745,34.5642
-173.9708,56.5820,35.5943
-174.5577,56.3346,35.3933
-179.7348,54.6877,36.7427
-182.7092,48.4949,39.3516
-185.3149,45.0004,41.8627
-185.2443,41.7738,44.5031
-188.2054,33.5165,46.7454
-187.8016,29.4773,47.3956
-188.1248,28.0941,47.6202
-187.8114,22.5457,51.1284
-187.4972,19.4298,52.8820
-184.4623,18.6293,53.4682
-181.6098,20.2360,51.9683

